name: /software/assembly/conda/resfinder4.1.11
channels:
  - conda-forge
  - bioconda
  - defaults
dependencies:
  - _libgcc_mutex=0.1=conda_forge
  - _openmp_mutex=4.5=2_gnu
  - biopython=1.70=np112py36_1
  - blas=1.1=openblas
  - blast=2.13.0=hf3cf87c_0
  - bzip2=1.0.8=h7f98852_4
  - c-ares=1.18.1=h7f98852_0
  - ca-certificates=2022.9.24=ha878542_0
  - cgecore=1.5.5=pyh864c0ab_1
  - curl=7.85.0=h7bff187_0
  - entrez-direct=16.2=he881be0_1
  - expat=2.4.9=h27087fc_0
  - freetype=2.12.1=hca18f0e_0
  - gettext=0.19.8.1=h27087fc_1009
  - git=2.38.0=pl5321h5fbbf19_0
  - gitdb=4.0.9=pyhd8ed1ab_0
  - gitpython=3.1.18=pyhd8ed1ab_0
  - jpeg=9e=h166bdaf_2
  - keyutils=1.6.1=h166bdaf_0
  - kma=1.4.3=h7132678_1
  - krb5=1.19.3=h3790be6_0
  - lcms2=2.12=hddcbb42_0
  - ld_impl_linux-64=2.36.1=hea4e1c9_2
  - lerc=3.0=h9c3ff4c_0
  - libcurl=7.85.0=h7bff187_0
  - libdeflate=1.10=h7f98852_0
  - libedit=3.1.20191231=he28a2e2_2
  - libev=4.33=h516909a_1
  - libffi=3.4.2=h7f98852_5
  - libgcc-ng=12.1.0=h8d9b700_16
  - libgfortran-ng=7.5.0=h14aa051_20
  - libgfortran4=7.5.0=h14aa051_20
  - libgomp=12.1.0=h8d9b700_16
  - libiconv=1.17=h166bdaf_0
  - libidn2=2.3.3=h166bdaf_0
  - libnghttp2=1.47.0=hdcd2b5c_1
  - libnsl=2.0.0=h7f98852_0
  - libpng=1.6.38=h753d276_0
  - libsqlite=3.39.4=h753d276_0
  - libssh2=1.10.0=haa6b8db_3
  - libstdcxx-ng=12.1.0=ha89aaad_16
  - libtiff=4.3.0=h0fcbabc_4
  - libunistring=0.9.10=h7f98852_0
  - libwebp-base=1.2.4=h166bdaf_0
  - libzlib=1.2.12=h166bdaf_4
  - mmtf-python=1.1.3=pyhd8ed1ab_0
  - msgpack-python=1.0.2=py36h605e78d_1
  - ncurses=6.3=h27087fc_1
  - numpy=1.12.1=py36_blas_openblash1522bff_1001
  - olefile=0.46=pyh9f0ad1d_1
  - openblas=0.3.3=h9ac9557_1001
  - openjpeg=2.5.0=h7d73246_0
  - openssl=1.1.1q=h166bdaf_0
  - pcre=8.45=h9c3ff4c_0
  - pcre2=10.37=hc3806b6_1
  - perl=5.32.1=2_h7f98852_perl5
  - perl-archive-tar=2.40=pl5321hdfd78af_0
  - perl-carp=1.38=pl5321hdfd78af_4
  - perl-common-sense=3.75=pl5321hdfd78af_0
  - perl-compress-raw-bzip2=2.201=pl5321h87f3376_1
  - perl-compress-raw-zlib=2.105=pl5321h87f3376_0
  - perl-encode=3.19=pl5321hec16e2b_1
  - perl-exporter=5.72=pl5321hdfd78af_2
  - perl-exporter-tiny=1.002002=pl5321hdfd78af_0
  - perl-extutils-makemaker=6.66=0
  - perl-io-compress=2.201=pl5321h87f3376_0
  - perl-io-zlib=1.11=pl5321hdfd78af_0
  - perl-json=4.09=pl5321hdfd78af_0
  - perl-json-xs=2.34=pl5321h9f5acd7_5
  - perl-list-moreutils=0.430=pl5321hdfd78af_0
  - perl-list-moreutils-xs=0.430=pl5321hec16e2b_1
  - perl-parent=0.236=pl5321hdfd78af_2
  - perl-pathtools=3.75=pl5321hec16e2b_3
  - perl-scalar-list-utils=1.62=pl5321hec16e2b_1
  - perl-threaded=5.32.1=hdfd78af_1
  - perl-types-serialiser=1.01=pl5321hdfd78af_0
  - pillow=8.3.2=py36h676a545_0
  - pip=21.3.1=pyhd8ed1ab_0
  - python=3.6.15=hb7a2778_0_cpython
  - python-dateutil=2.8.2=pyhd8ed1ab_0
  - python_abi=3.6=2_cp36m
  - readline=8.1.2=h0f457ee_0
  - reportlab=3.5.68=py36h3e18861_0
  - resfinder=4.1.11=hdfd78af_0
  - setuptools=58.0.4=py36h5fab9bb_2
  - six=1.16.0=pyh6c4a22f_0
  - smmap=3.0.5=pyh44b312d_0
  - sqlite=3.39.4=h4ff8645_0
  - tabulate=0.7.7=py36_0
  - tk=8.6.12=h27826a3_0
  - typing_extensions=4.1.1=pyha770c72_0
  - wget=1.20.3=ha56f1ee_1
  - wheel=0.37.1=pyhd8ed1ab_0
  - xz=5.2.6=h166bdaf_0
  - zlib=1.2.12=h166bdaf_4
  - zstd=1.5.2=h6239696_4
prefix: /software/assembly/conda/resfinder4.1.11
